# ID,label,root_density,linearity,planarity,sphericity,omnivariance,anisotropy
   0.00000,   0.00000,  19.73000,   0.00276,   0.96825,  -0.85448,   0.21817,   1.72030,   0.78183, -20.83005,  11.28022,   0.17455
   1.00000,   0.00000,   8.47000,   0.00434,   0.91428,  -0.76179,   0.35984,   2.29444,   0.64016, -16.81540,  10.57589,   0.24893
   2.00000,   0.00000,  15.57000,   0.00145,   0.35727,   7.05745,   0.07977,   8.79633,   0.92023,-117.56519,  40.78563,   0.04631
   3.00000,   0.00000,  16.47000,   0.00097,   0.93765,  -0.89549,   0.59655,   9.32301,   0.40345,-140.83485,  46.33284,   0.35961
   4.00000,   0.00000,   9.75000,   0.00041,   0.44432,  31.13325,   0.01729,   7.27868,   0.98271,-176.69775,  53.85293,   0.01099
   5.00000,   0.00000,  13.58000,   0.00118,   0.64829,  12.23288,   0.02658,   2.69645,   0.97342, -39.04075,  17.64258,   0.01928
   6.00000,   0.00000,   8.33000,   0.00062,   0.19711,  35.17096,   0.02220,   2.06349,   0.97780, -27.73928,  14.41787,   0.01216
   7.00000,   0.00000,  17.41000,   0.00031,   0.70036,  36.62836,   0.00796,   6.98079,   0.99204,-249.34813,  68.30980,   0.00609
   8.00000,   0.00000,  11.57000,   0.00129,   0.53995,  18.02348,   0.02418,   5.82993,   0.97582,-114.77858,  38.76075,   0.01629
   9.00000,   0.00000,  14.16000,   0.00108,   0.80416,   4.44007,   0.03600,   5.80178,   0.96400,-113.80548,  37.27205,   0.02922
  10.00000,   0.00000,  13.56000,   0.00111,  -0.79619,  63.65827,   0.02778,   4.26409,   0.97222, -91.15015,  32.70839,   0.00984
  11.00000,   0.00000,  18.11000,   0.00061,   0.53130,   9.26587,   0.04566,   8.36293,   0.95434,-140.39317,  45.61653,   0.03015
  12.00000,   0.00000,   8.54000,   0.00578,   0.94681,  -0.84153,   0.33565,   1.76144,   0.66435, -14.33780,   9.36013,   0.24167
  13.00000,   0.00000,  15.49000,   0.00149,   0.19554,  31.94838,   0.02442,   4.16037,   0.97558, -73.04968,  28.20051,   0.01335
  14.00000,   0.00000,   8.39000,   0.00125,   0.33874,  22.21688,   0.02848,   4.96366,   0.97152, -85.25134,  31.52400,   0.01686
  15.00000,   0.00000,  13.16000,   0.00042,   0.61444,  16.83685,   0.02162,  20.75904,   0.97838,-620.80212, 144.07945,   0.01536
  16.00000,   0.00000,  12.85000,   0.00093,   0.93135,  -0.83809,   0.42401,   5.08507,   0.57599, -60.16394,  24.67464,   0.28406
  17.00000,   0.00000,   8.72000,   0.00071,   0.58546,  71.73940,   0.00570,   3.42567,   0.99430,-108.47918,  36.53038,   0.00401
  18.00000,   0.00000,   7.56000,   0.00447,   0.81626,  -0.93656,   2.89613,   1.14577,  -1.89613,  -5.91227,   5.76859,   0.70986
  19.00000,   0.00000,  10.64000,   0.00066,   0.20217,  17.32328,   0.04354,   4.70361,   0.95646, -66.26262,  26.54406,   0.02365
  20.00000,   0.00000,  14.74000,   0.00180,   0.56808,   5.29204,   0.06865,   6.10259,   0.93135, -77.43710,  29.58672,   0.04575
  21.00000,   0.00000,  16.21000,   0.00091,   0.75552,  20.04259,   0.01162,   4.12068,   0.98838,-111.66350,  36.54811,   0.00925
  22.00000,   0.00000,  12.54000,   0.00050,   0.95961,  -0.81281,   0.21580,  16.02475,   0.78420,-390.10632,  97.81159,   0.17179
  23.00000,   0.00000,  14.21000,   0.00056,   0.20013,   8.56664,   0.08361,  14.28812,   0.91639,-222.50528,  66.29943,   0.04439
  24.00000,   0.00000,  13.73000,   0.00132,   0.49357,  32.84064,   0.01497,   4.76237,   0.98503,-107.72264,  36.88625,   0.00984
  25.00000,   0.00000,  10.28000,   0.00058,  -0.37928,  35.79203,   0.03749,   2.49681,   0.96251, -32.96076,  16.19707,   0.01551
  26.00000,   0.00000,  12.06000,   0.00041,   0.14346,   4.37016,   0.15950,  10.46722,   0.84050,-114.75403,  40.97268,   0.07912
  27.00000,   0.00000,  12.44000,   0.00273,   0.53743,  39.94133,   0.01130,   1.43260,   0.98870, -22.32077,  12.16711,   0.00767
  28.00000,   0.00000,  16.87000,   0.00102,   0.34349,  15.76811,   0.03915,   5.27407,   0.96085, -80.16453,  30.30303,   0.02309
  29.00000,   0.00000,   9.75000,   0.00041,   0.66772,  44.27427,   0.00734,   5.01713,   0.99266,-165.68118,  49.93279,   0.00548
  30.00000,   0.00000,  18.71000,   0.00030,   0.22896,  15.26533,   0.04740,   8.30206,   0.95260,-137.82706,  45.49061,   0.02607
  31.00000,   0.00000,  12.08000,   0.00037,   0.56813,   4.89627,   0.07325,  13.35082,   0.92675,-214.41801,  63.53799,   0.04866
  32.00000,   0.00000,   9.80000,   0.00164,   0.77236,  84.06409,   0.00268,   1.56562,   0.99732, -59.74513,  22.72234,   0.00218
  33.00000,   0.00000,  20.88000,   0.00369,  -1.29390,  -0.01016,   2.31744,   3.61927,  -1.31744, -16.47603,  11.63662,   0.41299
  34.00000,   0.00000,  19.61000,   0.00023,   0.98854,  -0.97307,   0.42568,   9.56586,   0.57432,-303.42578,  81.04826,   0.29620
  35.00000,   0.00000,  10.89000,   0.00121,  -0.49734,  13.29857,   0.10472,   6.96323,   0.89528, -90.71199,  33.60044,   0.04024
  36.00000,   0.00000,  13.81000,   0.00113,   0.22444,   5.45157,   0.12021,   6.56171,   0.87979, -66.76842,  27.43354,   0.06341
  37.00000,   0.00000,  11.15000,   0.00036,   0.37191,   9.61188,   0.05919,   7.64716,   0.94081,-110.54715,  38.66074,   0.03508
  38.00000,   0.00000,  11.09000,   0.00035,   0.71317,  22.90317,   0.01200,   3.77892,   0.98800, -94.38238,  32.50795,   0.00924
  39.00000,   0.00000,  12.35000,   0.00487,   0.59726,   5.78848,   0.05933,   1.34987,   0.94067,  -8.08276,   6.85223,   0.04058
  40.00000,   0.00000,  14.22000,   0.00614,   0.74838,   4.25570,   0.04788,   1.81724,   0.95212, -17.42158,  10.30149,   0.03684
  41.00000,   0.00000,  14.44000,   0.00141,   0.95352,  -0.88635,   0.40899,   2.46082,   0.59101, -25.12467,  13.42000,   0.28100
  42.00000,   0.00000,  14.30000,   0.00090,   0.81524,  17.16863,   0.01017,   4.84639,   0.98983,-158.17915,  46.93128,   0.00851
  43.00000,   0.00000,  14.85000,   0.00109,   0.38216,  13.55604,   0.04245,   7.27948,   0.95755,-119.54923,  40.67989,   0.02557
  44.00000,   0.00000,  13.72000,   0.00041,   0.62416,  41.94819,   0.00875,   5.17132,   0.99125,-156.63393,  48.14672,   0.00632
  45.00000,   0.00000,  16.29000,   0.00123,   0.34655,  11.34059,   0.05295,   5.70777,   0.94705, -77.98142,  29.88940,   0.03103
  46.00000,   0.00000,  14.45000,   0.00145,   0.67968,   2.33817,   0.09596,   5.74833,   0.90404, -64.80264,  25.98979,   0.06775
  47.00000,   0.00000,  12.55000,   0.00050,   0.85631,  -0.96133,   3.71625,  12.59941,  -2.71625,-278.44318,  75.47505,   0.76467
  48.00000,   0.00000,  16.14000,   0.00309,   0.51487,   9.08434,   0.04811,   3.06044,   0.95189, -33.61195,  16.41985,   0.03138
  49.00000,   0.00000,  16.86000,   0.00103,   0.61612,   6.15865,   0.05362,   5.35621,   0.94638, -73.26486,  28.09412,   0.03730
  50.00000,   0.00000,  12.30000,   0.00108,   0.51768,  44.13674,   0.01069,   4.29211,   0.98931,-109.24409,  37.09810,   0.00716
  51.00000,   0.00000,  10.53000,   0.00110,   0.49636,  22.75762,   0.02120,   5.44874,   0.97880,-110.49702,  37.73174,   0.01390
  52.00000,   0.00000,  14.08000,   0.00078,   0.39490,   5.18952,   0.09776,  15.53755,   0.90224,-229.09332,  67.90402,   0.05741
  53.00000,   0.00000,   8.83000,   0.00264,  -0.17731,  20.72985,   0.05418,   2.11434,   0.94582, -19.85575,  11.80848,   0.02428
  54.00000,   0.00000,  17.84000,   0.00037,   0.39044,   3.56201,   0.13362,  16.06263,   0.86638,-212.19768,  64.59502,   0.07665
  55.00000,   0.00000,  14.47000,   0.00007, -11.36973,   0.18322,  10.45430,  13.50359,  -9.45430,-211.08742,  63.61790,   0.43881
  56.00000,   0.00000,   9.91000,   0.00132,   0.93468,  -0.97839,   3.02211,   4.41525,  -2.02211, -86.78394,  30.99436,   0.73937
  57.00000,   0.00000,  18.67000,   0.00085,   0.46783,   6.82143,   0.06804,   8.98552,   0.93196,-129.41849,  43.46248,   0.04252
  58.00000,   0.00000,   8.58000,   0.00222,   0.96625,  -0.87998,   0.28120,   1.91642,   0.71880, -21.95587,  11.90241,   0.21385
  59.00000,   0.00000,  10.82000,   0.00129,   0.39531,  23.19545,   0.02499,   5.29315,   0.97501, -98.41226,  34.89050,   0.01534
  60.00000,   0.00000,  13.26000,   0.00006,   0.94409,  84.17018,   0.00066,  37.64461,   0.99934,-8228.98438,1196.89050,   0.00062
  61.00000,   0.00000,   9.92000,   0.00070,   0.48294,  19.75628,   0.02491,   4.13946,   0.97509, -70.53631,  27.22971,   0.01616
  62.00000,   0.00000,   9.90000,   0.00160,  -0.79118,  23.89319,   0.07195,   3.39335,   0.92805, -42.37790,  19.23406,   0.02513
  63.00000,   0.00000,   7.54000,   0.00186, -18.85416,  -0.34905,  30.50024,   3.17298, -29.50024, -42.45886,  19.26017,   0.59392
  64.00000,   0.00000,  13.44000,   0.00004,   0.67311,  15.37743,   0.01996,  22.53041,   0.98004,-724.74237, 162.39371,   0.01482
  65.00000,   0.00000,   8.08000,   0.00135,   0.96005,  -0.97708,   1.74273,   1.51015,  -0.74273, -16.36554,  10.21510,   0.62628
  66.00000,   0.00000,  13.29000,   0.00111,   0.88755,  14.20279,   0.00740,   4.99133,   0.99260,-221.09026,  59.43521,   0.00661
  67.00000,   0.00000,  18.99000,   0.00075,   0.94633,  -0.67613,   0.16572,   6.63157,   0.83428,-120.71591,  39.02938,   0.13590
  68.00000,   0.00000,  14.67000,   0.00142, -10.19959,   0.20402,   9.30183,   9.38006,  -8.30183,-124.86360,  42.86300,   0.43261
  69.00000,   0.00000,  12.24000,   0.00029,   0.54250,   4.78173,   0.07913,  13.86969,   0.92087,-217.27454,  64.42580,   0.05150
  70.00000,   0.00000,  11.89000,   0.00117,   0.62993,   6.02000,   0.05272,   7.72692,   0.94728,-122.08363,  40.83860,   0.03705
  71.00000,   0.00000,   7.42000,   0.00321,   0.81698,   8.20390,   0.01989,   1.21448,   0.98011, -16.55567,   9.49754,   0.01653
  72.00000,   0.00000,   8.27000,   0.00148,   0.65105,  11.70779,   0.02746,   2.60515,   0.97254, -36.60295,  16.88217,   0.01995
  73.00000,   0.00000,  14.89000,   0.00060,   0.77645,   2.77211,   0.05926,  16.76088,   0.94074,-351.54321,  90.86766,   0.04620
  74.00000,   0.00000,  12.57000,   0.00102,   0.63404,   5.61492,   0.05532,  11.10940,   0.94468,-193.27538,  57.93255,   0.03893
  75.00000,   0.00000,  11.55000,   0.00077,   0.70817,  12.14029,   0.02221,   3.00715,   0.97779, -51.77080,  21.19380,   0.01690
  76.00000,   0.00000,  16.51000,   0.00014,   0.31402,   4.83828,   0.11750,  15.98913,   0.88250,-222.19414,  66.75592,   0.06515
  77.00000,   0.00000,  19.63000,   0.00121,   0.89358,  -0.95132,   2.18613,   5.00145,  -1.18613, -68.08167,  26.77522,   0.66396
  78.00000,   0.00000,  12.12000,   0.00527,   0.59632,   4.52634,   0.07305,   1.94194,   0.92695, -13.56039,   9.28235,   0.04946
  79.00000,   0.00000,   8.10000,   0.00087,   0.95000,  -0.98399,   3.12417,   2.23314,  -2.12417, -38.75135,  17.30772,   0.74845
  80.00000,   0.00000,  11.90000,   0.00117, -22.28051,   0.00754,  23.10637,   5.02996, -22.10637, -76.11297,  29.30765,   0.48761
  81.00000,   0.00000,   9.11000,   0.00324,   0.63779,   3.59511,   0.07882,   4.94427,   0.92118, -55.69952,  23.31147,   0.05470
  82.00000,   0.00000,  11.19000,   0.00126,   0.61857,   6.40054,   0.05154,   6.91764,   0.94846,-105.80169,  36.72895,   0.03597
  83.00000,   0.00000,  14.80000,   0.00079,   0.35683,   4.12286,   0.12555,   9.78750,   0.87445,-112.62916,  40.05132,   0.07098
  84.00000,   0.00000,  12.11000,   0.00032,   0.15257,   3.91584,   0.17239,  10.33529,   0.82761,-109.28852,  39.63677,   0.08535
  85.00000,   0.00000,  12.25000,   0.00156,   0.96243,  -0.93707,   0.59708,   4.34161,   0.40292, -62.15855,  25.16362,   0.36526
  86.00000,   0.00000,  12.10000,   0.00076,   0.04761,   4.46018,   0.17442,  10.05313,   0.82558,-106.61717,  38.89471,   0.08201
  87.00000,   0.00000,  12.59000,   0.00180,   0.27343,  10.15837,   0.06511,   5.95315,   0.93489, -75.85464,  29.49105,   0.03634
  88.00000,   0.00000,  11.60000,   0.00044,   0.27045,  35.60942,   0.01993,   7.17997,   0.98007,-164.97739,  51.46665,   0.01139
  89.00000,   0.00000,  11.40000,   0.00236,   0.25357,  18.06718,   0.03915,   2.57166,   0.96085, -28.75618,  14.90827,   0.02192
  90.00000,   0.00000,   9.77000,   0.00044,   0.07547,  24.23821,   0.03663,   4.93712,   0.96337, -78.60137,  29.92677,   0.01868
  91.00000,   0.00000,  20.09000,   0.00121,   0.87745,  -0.94134,   2.08929,   6.03154,  -1.08929, -80.85614,  30.50781,   0.65050
  92.00000,   0.00000,  19.53000,   0.00037,   0.60911,  10.69231,   0.03343,   8.93810,   0.96657,-178.28725,  54.04871,   0.02347
  93.00000,   0.00000,  11.65000,   0.00244,   0.58060,  59.87606,   0.00689,   2.02857,   0.99311, -48.27990,  20.31400,   0.00483
  94.00000,   0.00000,   7.23000,   0.00188,   0.96963,  -0.89239,   0.28219,   1.72980,   0.71781, -19.76828,  11.09523,   0.21499
  95.00000,   0.00000,  14.75000,   0.00065,   0.60507,  40.73318,   0.00946,   4.74928,   0.99054,-134.45998,  42.97963,   0.00674
  96.00000,   0.00000,  14.82000,   0.00047,   0.35945,   3.79000,   0.13373,   9.66982,   0.86627,-108.03220,  38.92087,   0.07537
  97.00000,   0.00000,  20.79000,   0.00214,   0.56981,   9.32361,   0.04167,   5.58659,   0.95833, -85.59410,  31.41825,   0.02831
  98.00000,   0.00000,  12.49000,   0.00046,   0.96100,  -0.83111,   0.23094,  15.22374,   0.76906,-364.85538,  92.91894,   0.18185
  99.00000,   0.00000,  13.01000,   0.00136,   0.51526,   9.67977,   0.04539,   5.54229,   0.95461, -80.60870,  30.26441,   0.02966
 100.00000,   1.00000,  14.29000,   0.01333,   0.84578,   4.41561,   0.02848,   0.31126,   0.97152,  -0.70315,   2.24797,   0.02408
 101.00000,   1.00000,  12.48000,   0.00938,   0.78888,  -0.96838,   6.67661,   0.33054,  -5.67661,  -0.79996,   2.32534,   0.84646
 102.00000,   1.00000,  14.71000,   0.00748,   0.93842,  -0.64892,   0.17540,   0.48526,   0.82460,  -1.08820,   2.71553,   0.14179
 103.00000,   1.00000,   8.52000,   0.01266,   0.96743,  -0.82828,   0.18967,   0.31347,   0.81033,  -0.38908,   2.08810,   0.15518
 104.00000,   1.00000,   5.31000,   0.00888,   0.88708,   1.89954,   0.03894,   0.42364,   0.96106,  -1.86588,   2.97844,   0.03381
 105.00000,   1.00000,  13.24000,   0.00968,   0.82323,   6.51593,   0.02352,   0.26366,   0.97648,  -0.32642,   1.96815,   0.01959
 106.00000,   1.00000,   7.73000,   0.01250,   0.90452,   5.57421,   0.01452,   0.22280,   0.98548,  -0.96414,   2.21778,   0.01308
 107.00000,   1.00000,   5.83000,   0.00595,   0.77853,   7.98693,   0.02464,   0.26664,   0.97536,  -0.13942,   1.88715,   0.01978
 108.00000,   1.00000,   5.93000,   0.02618,   0.83678,   0.98098,   0.08240,   0.29196,   0.91760,   0.30201,   1.52927,   0.06615
 109.00000,   1.00000,   6.96000,   0.00746,   0.78695,   7.09797,   0.02631,   0.23109,   0.97369,   0.12890,   1.61231,   0.02123
 110.00000,   1.00000,   8.04000,   0.00586,   0.77299,  -0.96121,   5.85244,   0.52111,  -4.85244,  -2.23699,   3.35586,   0.82668
 111.00000,   1.00000,   8.13000,   0.01355,   0.84568,   5.88293,   0.02242,   0.30979,   0.97758,  -0.96301,   2.41023,   0.01905
 112.00000,   1.00000,   6.47000,   0.01786,   0.96817,  -0.74457,   0.12463,   0.31244,   0.87537,  -0.82292,   2.28240,   0.10777
 113.00000,   1.00000,   6.66000,   0.00683,   0.97328,  -0.86549,   0.19866,   0.27041,   0.80134,  -0.18488,   1.89949,   0.16212
 114.00000,   1.00000,   7.11000,   0.00723,   0.96983,  -0.80300,   0.15313,   0.43353,   0.84687,  -1.92391,   3.08021,   0.12941
 115.00000,   1.00000,  13.19000,   0.01761,   0.73732,  -0.95564,   5.92160,   0.30964,  -4.92160,  -0.18725,   1.91994,   0.82424
 116.00000,   1.00000,   5.80000,   0.01653,   0.77518,   2.37518,   0.06661,   0.25961,   0.93339,   0.47289,   1.36018,   0.05158
 117.00000,   1.00000,   9.05000,   0.01014,   0.97503,  -0.83820,   0.15434,   0.28405,   0.84566,  -0.58020,   2.13653,   0.13087
 118.00000,   1.00000,   5.60000,   0.02312,   0.87418,   1.72426,   0.04619,   0.29366,   0.95381,  -0.28124,   1.91431,   0.03941
 119.00000,   1.00000,   7.39000,   0.00633,   0.98083,  -0.85334,   0.13073,   0.25672,   0.86927,  -0.73722,   2.17313,   0.11369
 120.00000,   1.00000,  13.78000,   0.01282,   0.81415,  12.09413,   0.01419,   0.19573,   0.98581,  -0.06342,   1.69995,   0.01183
 121.00000,   1.00000,   9.40000,   0.03145,   0.96966,  -0.79571,   0.14850,   0.29003,   0.85150,  -0.48208,   2.07012,   0.12597
 122.00000,   1.00000,  11.39000,   0.03012,   0.78281,   4.77170,   0.03763,   0.33970,   0.96237,  -0.33852,   2.11618,   0.02999
 123.00000,   1.00000,   7.83000,   0.02349,   0.82471,  -0.97556,   7.17244,   0.29851,  -6.17244,  -0.85663,   2.30880,   0.85921
 124.00000,   1.00000,   6.60000,   0.00802,   0.95782,  -0.71944,   0.15033,   0.50380,   0.84967,  -2.11149,   3.24596,   0.12606
 125.00000,   1.00000,  11.46000,   0.01866,   0.83033,   2.85808,   0.04398,   0.29885,   0.95602,  -0.11809,   1.85606,   0.03624
 126.00000,   1.00000,   9.37000,   0.01812,   0.94045,  -0.76714,   0.25575,   0.30582,   0.74425,   0.29659,   1.62279,   0.19444
 127.00000,   1.00000,   8.59000,   0.00667,   0.97558,  -0.85220,   0.16522,   0.41137,   0.83478,  -1.91537,   3.07404,   0.13888
 128.00000,   1.00000,  14.24000,   0.00699,   0.81315,   2.89707,   0.04795,   0.29547,   0.95205,   0.03389,   1.75664,   0.03883
 129.00000,   1.00000,   7.71000,   0.01415,   0.95977,  -0.70312,   0.13552,   0.43089,   0.86448,  -1.59765,   2.87847,   0.11526
 130.00000,   1.00000,   6.09000,   0.00311,   0.97359,  -0.85166,   0.17803,   0.26698,   0.82197,  -0.25189,   1.91943,   0.14781
 131.00000,   1.00000,   5.82000,   0.00857,   0.85395,   4.01206,   0.02914,   0.33271,   0.97086,  -0.94722,   2.41276,   0.02480
 132.00000,   1.00000,   6.55000,   0.00898,   0.76958,   3.87918,   0.04723,   0.33690,   0.95277,  -0.08029,   1.94240,   0.03696
 133.00000,   1.00000,  13.42000,   0.00990,   0.96424,  -0.79234,   0.17218,   0.38893,   0.82782,  -1.03311,   2.56333,   0.14254
 134.00000,   1.00000,   6.01000,   0.01748,   0.85316,   2.60278,   0.04076,   0.34042,   0.95924,  -0.62694,   2.22669,   0.03432
 135.00000,   1.00000,  13.75000,   0.01980,   0.85388,   3.48206,   0.03260,   0.37716,   0.96740,  -1.25261,   2.64220,   0.02766
 136.00000,   1.00000,   7.29000,   0.00524,   0.81627,   5.72098,   0.02734,   0.31167,   0.97266,  -0.57413,   2.20402,   0.02257
 137.00000,   1.00000,   5.04000,   0.02256,   0.95973,  -0.77428,   0.17841,   0.29102,   0.82159,  -0.09636,   1.83800,   0.14640
 138.00000,   1.00000,   6.58000,   0.01531,   0.88080,   1.34899,   0.05074,   0.24980,   0.94926,   0.04882,   1.60402,   0.04337
 139.00000,   1.00000,   9.58000,   0.01423,   0.96239,  -0.79941,   0.18749,   0.31014,   0.81251,  -0.24544,   1.98139,   0.15304
 140.00000,   1.00000,   6.09000,   0.00571,   0.79872,   6.92841,   0.02539,   0.30361,   0.97461,  -0.49246,   2.16220,   0.02070
 141.00000,   1.00000,   8.03000,   0.02797,   0.98099,  -0.89140,   0.17508,   0.22947,   0.82492,  -0.20393,   1.83511,   0.14663
 142.00000,   1.00000,   5.97000,   0.01961,   0.97165,  -0.76462,   0.12043,   0.29374,   0.87957,  -0.80320,   2.24103,   0.10484
 143.00000,   1.00000,   6.12000,   0.01342,   0.83528,   4.67224,   0.02904,   0.31248,   0.97096,  -0.62592,   2.21394,   0.02433
 144.00000,   1.00000,   7.38000,   0.01695,   0.89812,  -0.98210,   5.69172,   0.23535,  -4.69172,  -0.30227,   1.91732,   0.83781
 145.00000,   1.00000,   7.54000,   0.01840,   0.64254,  -0.94369,   6.34753,   0.29528,  -5.34753,   0.03147,   1.73142,   0.82382
 146.00000,   1.00000,   6.28000,   0.01550,   0.81830,   3.78517,   0.03797,   0.29692,   0.96203,  -0.16854,   1.90232,   0.03113
 147.00000,   1.00000,  13.74000,   0.02020,   0.83334,   3.67951,   0.03561,   0.34317,   0.96439,  -0.66590,   2.27871,   0.02962
 148.00000,   1.00000,  13.49000,   0.01520,   0.80274,   3.41411,   0.04469,   0.32261,   0.95531,  -0.14765,   1.93957,   0.03598
 149.00000,   1.00000,   6.45000,   0.01869,   0.82173,   8.77218,   0.01824,   0.25186,   0.98176,  -0.43253,   2.03405,   0.01525
 150.00000,   1.00000,   6.08000,   0.00971,   0.83736,   9.49249,   0.01550,   0.26425,   0.98450,  -0.81885,   2.28748,   0.01316
 151.00000,   1.00000,   6.24000,   0.01099,   0.96931,  -0.83622,   0.18736,   0.32941,   0.81264,  -0.59065,   2.23970,   0.15382
 152.00000,   1.00000,   8.49000,   0.00723,   0.95945,  -0.72234,   0.14603,   0.56612,   0.85397,  -2.95009,   3.71314,   0.12307
 153.00000,   1.00000,  11.05000,   0.01515,   0.98435,  -0.85829,   0.11041,   0.20253,   0.88959,  -0.47447,   1.90065,   0.09805
 154.00000,   1.00000,   6.23000,   0.01887,   0.98315,  -0.91325,   0.19428,   0.15143,   0.80572,   0.37059,   1.23510,   0.16041
 155.00000,   1.00000,  10.03000,   0.00625,   0.86508,   3.70466,   0.02868,   0.32624,   0.97132,  -0.99548,   2.41810,   0.02465
 156.00000,   1.00000,  14.68000,   0.01003,   0.87082,   2.87556,   0.03333,   0.41061,   0.96667,  -1.76306,   2.93410,   0.02867
 157.00000,   1.00000,   7.47000,   0.01929,   0.83716,   6.24631,   0.02247,   0.29025,   0.97753,  -0.69622,   2.23256,   0.01896
 158.00000,   1.00000,   9.34000,   0.00993,   0.83997,   3.62733,   0.03458,   0.29586,   0.96542,  -0.34265,   1.99807,   0.02895
 159.00000,   1.00000,   7.00000,   0.02190,   0.87648,   4.32656,   0.02319,   0.20731,   0.97681,  -0.12861,   1.67386,   0.02022
 160.00000,   1.00000,   7.16000,   0.01571,   0.85448,   3.70999,   0.03090,   0.27828,   0.96910,  -0.38216,   1.98354,   0.02626
 161.00000,   1.00000,   6.34000,   0.01597,   0.82681,   3.38597,   0.03949,   0.34227,   0.96051,  -0.51156,   2.18673,   0.03256
 162.00000,   1.00000,   7.40000,   0.01109,   0.96090,  -0.69662,   0.12889,   0.50139,   0.87111,  -2.52232,   3.41564,   0.11035
 163.00000,   1.00000,   6.40000,   0.00943,   0.99177,  -0.97015,   0.27577,   0.06944,   0.72423,   0.64138,   0.67841,   0.21477
 164.00000,   1.00000,   5.92000,   0.00549,   0.98059,  -0.89108,   0.17817,   0.34290,   0.82183,  -1.35308,   2.71572,   0.14877
 165.00000,   1.00000,  12.21000,   0.02985,   0.89426,   3.35737,   0.02427,   0.27186,   0.97573,  -0.88826,   2.24386,   0.02148
 166.00000,   1.00000,   5.89000,   0.01130,   0.82221,  -0.96854,   5.65105,   0.35677,  -4.65105,  -0.86588,   2.43253,   0.82753
 167.00000,   1.00000,   5.58000,   0.01408,   0.83306,   5.49485,   0.02570,   0.26115,   0.97430,  -0.27782,   1.91670,   0.02155
 168.00000,   1.00000,   6.30000,   0.01295,   0.93018,  -0.52428,   0.14676,   0.50931,   0.85324,  -1.33505,   2.85275,   0.12063
 169.00000,   1.00000,   7.82000,   0.00552,   0.97249,  -0.82429,   0.15658,   0.32233,   0.84342,  -0.83259,   2.34571,   0.13223
 170.00000,   1.00000,   8.24000,   0.00755,   0.84371,   4.56943,   0.02806,   0.26798,   0.97194,  -0.31676,   1.93896,   0.02369
 171.00000,   1.00000,   8.16000,   0.02007,   0.84026,   4.61443,   0.02845,   0.29965,   0.97155,  -0.56095,   2.14947,   0.02394
 172.00000,   1.00000,  11.43000,   0.01596,   0.96386,  -0.68419,   0.11442,   0.31340,   0.88558,  -0.78472,   2.24659,   0.09945
 173.00000,   1.00000,   6.73000,   0.00727,   0.97266,  -0.84480,   0.17616,   0.26221,   0.82384,  -0.19444,   1.86865,   0.14637
 174.00000,   1.00000,  13.42000,   0.01429,   0.96845,  -0.83421,   0.19028,   0.28419,   0.80972,  -0.18997,   1.91060,   0.15573
 175.00000,   1.00000,   5.70000,   0.02703,   0.90723,   1.47268,   0.03752,   0.26413,   0.96248,  -0.49533,   1.96997,   0.03319
 176.00000,   1.00000,   9.68000,   0.00896,   0.79680,   5.61969,   0.03070,   0.32770,   0.96930,  -0.50007,   2.19663,   0.02488
 177.00000,   1.00000,   6.16000,   0.00730,   0.98165,  -0.88150,   0.15488,   0.25343,   0.84512,  -0.57284,   2.09895,   0.13201
 178.00000,   1.00000,   9.35000,   0.02532,   0.50669,  -0.93153,   7.20516,   0.32694,  -6.20516,  -0.10246,   1.86345,   0.82832
 179.00000,   1.00000,   6.12000,   0.01149,   0.96991,  -0.82484,   0.17178,   0.27431,   0.82822,  -0.23280,   1.90684,   0.14293
 180.00000,   1.00000,   5.98000,   0.02027,   0.96285,  -0.81014,   0.19567,   0.28176,   0.80433,  -0.02961,   1.79313,   0.15872
 181.00000,   1.00000,   8.03000,   0.00785,   0.97324,  -0.87316,   0.21099,   0.33836,   0.78901,  -0.70184,   2.35191,   0.17046
 182.00000,   1.00000,   6.59000,   0.00292,   0.96222,  -0.83808,   0.23333,   0.31289,   0.76667,  -0.09757,   1.92529,   0.18356
 183.00000,   1.00000,   9.82000,   0.00806,   0.96790,  -0.79952,   0.16010,   0.36759,   0.83990,  -1.06054,   2.53959,   0.13429
 184.00000,   1.00000,   8.20000,   0.00285,   0.94843,  -0.51347,   0.10598,   0.48932,   0.89402,  -2.19995,   3.21564,   0.09156
 185.00000,   1.00000,   5.97000,   0.00815,   0.94575,  -0.57990,   0.12913,   0.51962,   0.87087,  -2.06342,   3.21366,   0.10912
 186.00000,   1.00000,   9.97000,   0.01471,   0.86701,   6.16912,   0.01855,   0.24985,   0.98145,  -0.67598,   2.12929,   0.01611
 187.00000,   1.00000,  10.05000,   0.01597,   0.97985,  -0.81381,   0.10823,   0.31828,   0.89177,  -1.70265,   2.76934,   0.09592
 188.00000,   1.00000,   9.98000,   0.01240,   0.95939,  -0.66736,   0.12207,   0.37570,   0.87793,  -1.17168,   2.56195,   0.10499
 189.00000,   1.00000,   8.89000,   0.02041,   0.85303,   5.69315,   0.02196,   0.31933,   0.97804,  -1.15618,   2.52597,   0.01878
 190.00000,   1.00000,   6.58000,   0.00651,   0.97263,  -0.84104,   0.17216,   0.28949,   0.82784,  -0.43845,   2.07136,   0.14353
 191.00000,   1.00000,  14.46000,   0.00676,   0.86908,   3.97629,   0.02631,   0.30370,   0.97369,  -0.89803,   2.32716,   0.02273
 192.00000,   1.00000,   5.07000,   0.01894,   0.95982,  -0.80189,   0.20284,   0.29664,   0.79716,  -0.04348,   1.83219,   0.16318
 193.00000,   1.00000,   5.48000,   0.00613,   0.80304,   7.03637,   0.02451,   0.27319,   0.97549,  -0.28406,   1.97451,   0.02006
 194.00000,   1.00000,   8.20000,   0.00255,   0.98520,  -0.88377,   0.12735,   0.33632,   0.87265,  -2.23028,   3.10963,   0.11150
 195.00000,   1.00000,   8.42000,   0.00990,   0.83779,   2.47745,   0.04665,   0.24187,   0.95335,   0.22889,   1.48934,   0.03859
 196.00000,   1.00000,   5.83000,   0.01724,   0.83010,  -0.96709,   5.16299,   0.31837,  -4.16299,  -0.39990,   2.10624,   0.81527
 197.00000,   1.00000,   5.64000,   0.01899,   0.81083,   6.94857,   0.02380,   0.28176,   0.97620,  -0.41672,   2.06976,   0.01962
 198.00000,   1.00000,   7.90000,   0.01429,   0.77730,   5.96697,   0.03197,   0.26416,   0.96803,   0.06406,   1.72289,   0.02548
 199.00000,   1.00000,  14.23000,   0.01463,   0.80385,   7.93314,   0.02196,   0.31982,   0.97804,  -0.82546,   2.39447,   0.01803
 200.00000,   2.00000,   5.64000,   0.01478,   0.99416,  -0.41193,   0.00993,   0.40110,   0.99007, -23.82030,  10.52429,   0.00978
 201.00000,   2.00000,   7.82000,   0.00504,   0.70625, 276.39999,   0.00106,   5.04630,   0.99894,-388.33893,  96.43427,   0.00082
 202.00000,   2.00000,   8.99000,   0.01163,   0.99809,  -0.39028,   0.00314,   0.68418,   0.99686,-136.17155,  37.84155,   0.00312
 203.00000,   2.00000,   7.30000,   0.02632,   0.99560,  -0.43732,   0.00782,   0.49266,   0.99218, -40.70993,  15.32585,   0.00773
 204.00000,   2.00000,   7.50000,   0.00375,   0.68673, 698.32703,   0.00045,  12.21686,   0.99955,-1600.00537, 308.84692,   0.00034
 205.00000,   2.00000,   8.97000,   0.03738,  -4.41162,  -0.99079, 587.28473,   0.14252,-586.28473,  -9.70203,   5.75520,   0.98920
 206.00000,   2.00000,   6.59000,   0.02027,   0.99108,   1.17145,   0.00411,   0.18799,   0.99589,  -9.56854,   5.73214,   0.00406
 207.00000,   2.00000,   8.17000,   0.00907,   0.99763,   1.09889,   0.00113,   0.83038,   0.99887,-243.96997,  59.96751,   0.00113
 208.00000,   2.00000,   4.15000,   0.00844,   0.90594, 160.69212,   0.00058,   3.94423,   0.99942,-504.51782, 113.72540,   0.00053
 209.00000,   2.00000,   7.10000,   0.00468,   0.99959,  -0.78692,   0.00193,   0.72330,   0.99807,-339.81635,  78.25554,   0.00193
 210.00000,   2.00000,   8.13000,   0.00486,   0.99708,   0.36773,   0.00214,   1.43254,   0.99786,-338.10751,  78.19175,   0.00213
 211.00000,   2.00000,   6.63000,   0.04348,   0.98554,   3.33399,   0.00334,   0.17453,   0.99666,  -7.26176,   4.87894,   0.00328
 212.00000,   2.00000,   8.19000,   0.02885,   0.99761,  -0.65751,   0.00697,   0.28530,   0.99303, -26.66916,  11.27718,   0.00691
 213.00000,   2.00000,   9.45000,   0.00333,   0.94583, 215.85005,   0.00025,  17.63560,   0.99975,-5036.98877, 780.32770,   0.00024
 214.00000,   2.00000,   5.21000,   0.02000,   0.99939,  -0.82817,   0.00356,   0.23778,   0.99644, -53.18112,  18.43110,   0.00354
 215.00000,   2.00000,   8.84000,   0.00418,-829.14594,  -0.13040, 954.63037,  14.72479,-953.63037,-1407.79346, 284.14899,   0.53457
 216.00000,   2.00000,   5.39000,   0.00444,   0.27576, 661.05139,   0.00109,  10.00614,   0.99891,-847.72284, 186.57312,   0.00063
 217.00000,   2.00000,  10.21000,   0.00529,   0.92283,  16.36076,   0.00445,   3.36173,   0.99555,-190.45354,  51.94222,   0.00411
 218.00000,   2.00000,   7.30000,   0.00800,   0.99978,  -0.85774,   0.00152,   0.30475,   0.99848,-166.98508,  44.22430,   0.00152
 219.00000,   2.00000,   7.64000,   0.03846,   0.97875,   1.03453,   0.01044,   0.16687,   0.98956,  -2.52667,   2.84384,   0.01012
 220.00000,   2.00000,   4.30000,   0.00564,   0.49760, 838.92206,   0.00060,  12.84045,   0.99940,-1447.23926, 288.12839,   0.00040
 221.00000,   2.00000,   6.89000,   0.02067,   0.99359,   0.82557,   0.00351,   0.68904,   0.99649, -77.46309,  24.64594,   0.00348
 222.00000,   2.00000,   7.49000,   0.01091,   0.98910,   3.01962,   0.00271,   0.41050,   0.99729, -33.92496,  13.45485,   0.00268
 223.00000,   2.00000,   7.86000,   0.01361,   0.99635,  -0.58088,   0.00871,   0.65477,   0.99129, -62.11521,  20.92939,   0.00860
 224.00000,   2.00000,   8.38000,   0.00206,   0.70173, 216.18843,   0.00137,  10.20585,   0.99863,-828.41724, 178.59819,   0.00106
 225.00000,   2.00000,   5.54000,   0.01172,   0.99519,   2.17916,   0.00151,   0.51496,   0.99849, -86.73527,  26.73422,   0.00150
 226.00000,   2.00000,   7.12000,   0.00129,   0.78466, 447.82068,   0.00048,   7.17287,   0.99952,-883.64935, 185.85318,   0.00039
 227.00000,   2.00000,   6.41000,   0.00467,   0.99250,   1.47800,   0.00303,   1.25649,   0.99697,-167.58418,  44.82553,   0.00300
 228.00000,   2.00000,   5.69000,   0.02357,   0.96635,   7.60963,   0.00391,   0.93698,   0.99609, -53.19164,  19.11509,   0.00377
 229.00000,   2.00000,   3.66000,   0.02284,   0.67751, 104.60256,   0.00305,   3.59674,   0.99695,-158.08893,  47.91977,   0.00230
 230.00000,   2.00000,   7.82000,   0.01453,   0.99796,   4.97673,   0.00034,   0.46833,   0.99966,-209.50768,  53.00396,   0.00034
 231.00000,   2.00000,   4.90000,   0.05882,   0.81070,   2.63049,   0.05214,   0.42087,   0.94786,  -0.72128,   2.43575,   0.04200
 232.00000,   2.00000,   7.34000,   0.00743,   0.95302,  20.11143,   0.00223,   3.56323,   0.99777,-331.38953,  79.35556,   0.00212
 233.00000,   2.00000,   4.91000,   0.01210,   0.90368,  42.72930,   0.00220,   2.93731,   0.99780,-199.06349,  54.10145,   0.00201
 234.00000,   2.00000,   8.53000,   0.00355,   0.73257, 223.09712,   0.00119,  10.49408,   0.99881,-925.31140, 194.81271,   0.00094
 235.00000,   2.00000,   6.69000,   0.01025,   0.94881,  23.93262,   0.00205,   2.36875,   0.99795,-198.74623,  52.86673,   0.00195
 236.00000,   2.00000,   7.84000,   0.02167,   0.99852,  -0.68016,   0.00462,   0.41038,   0.99538, -66.12902,  21.75627,   0.00459
 237.00000,   2.00000,   4.45000,   0.02703,   0.78747,   3.84746,   0.04384,   0.61495,   0.95616,  -2.57486,   3.67158,   0.03490
 238.00000,   2.00000,   4.00000,   0.03101,   0.98037,   2.76831,   0.00521,   0.18260,   0.99479,  -5.04395,   4.00218,   0.00508
 239.00000,   2.00000,   4.54000,   0.02888,   0.93632,   7.99652,   0.00708,   1.27973,   0.99292, -46.79649,  17.87226,   0.00661
 240.00000,   2.00000,   9.08000,   0.01838,   0.99622,   2.70029,   0.00102,   1.18883,   0.99898,-327.74622,  76.20731,   0.00102
 241.00000,   2.00000,   5.40000,   0.03797,   0.98124,   2.43306,   0.00546,   0.87789,   0.99454, -54.39564,  19.21373,   0.00533
 242.00000,   2.00000,   7.68000,   0.03378,   0.99594,  -0.75635,   0.01666,   0.48473,   0.98334, -28.99305,  12.14347,   0.01632
 243.00000,   2.00000,   4.17000,   0.06250,   0.96275,   3.82903,   0.00771,   0.17738,   0.99229,  -2.34753,   2.80908,   0.00738
 244.00000,   2.00000,   6.33000,   0.01065,   0.99717,   8.52383,   0.00030,   0.74457,   0.99970,-344.20096,  79.14185,   0.00030
 245.00000,   2.00000,   8.53000,   0.00676,   0.44952, 331.23206,   0.00166,   7.68221,   0.99834,-510.69351, 122.95186,   0.00107
 246.00000,   2.00000,   6.13000,   0.00295,   0.75348, 124.34328,   0.00197,   7.56534,   0.99803,-514.72784, 120.23067,   0.00158
 247.00000,   2.00000,   7.86000,   0.00151,   0.99994,  -0.99602,   0.01498,  22.70856,   0.98502,-18449.76758,2394.94312,   0.01475
 248.00000,   2.00000,   5.23000,   0.00171,   0.43370, 486.86646,   0.00116,  14.88234,   0.99884,-1323.25122, 268.28992,   0.00074
 249.00000,   2.00000,   5.65000,   0.00327,   0.99569,   0.35176,   0.00319,   1.00076,   0.99681,-155.45947,  42.11356,   0.00316
 250.00000,   2.00000,   4.25000,   0.01688,   0.76258, 875.66937,   0.00027,   1.03708,   0.99973, -95.35574,  32.04026,   0.00022
 251.00000,   2.00000,   9.90000,   0.00272,   0.65322, 863.20917,   0.00040,   8.71103,   0.99960,-1098.27429, 226.46535,   0.00030
 252.00000,   2.00000,   6.85000,   0.00265,   0.75500, 406.09930,   0.00060,  13.21074,   0.99940,-1632.61572, 311.47955,   0.00048
 253.00000,   2.00000,   7.82000,   0.02115,   0.99847,  -0.81470,   0.00825,   0.49891,   0.99175, -65.29462,  21.64806,   0.00817
 254.00000,   2.00000,   6.05000,   0.02198,   0.99744,  -0.67428,   0.00786,   0.24200,   0.99214, -19.17344,   8.98950,   0.00778
 255.00000,   2.00000,   6.38000,   0.03756,   0.99739,  -0.48728,   0.00510,   0.27711,   0.99490, -28.47226,  11.78136,   0.00506
 256.00000,   2.00000,   3.15000,   0.00787,   0.94417,  25.83082,   0.00208,   3.72305,   0.99792,-336.64413,  80.72369,   0.00197
 257.00000,   2.00000,   8.26000,   0.00447,   0.75620, 330.27499,   0.00074,   8.14297,   0.99926,-842.98468, 179.67787,   0.00059
 258.00000,   2.00000,   7.60000,   0.00661,   0.99966,  -0.96018,   0.00855,   0.62813,   0.99145,-165.97534,  44.37060,   0.00848
 259.00000,   2.00000,   6.24000,   0.00738,   0.99900,  -0.76139,   0.00420,   0.38146,   0.99580, -74.34541,  23.73685,   0.00418
 260.00000,   2.00000,   6.26000,   0.01465,   0.99108,   2.13042,   0.00285,   1.40997,   0.99715,-185.00719,  48.52838,   0.00282
 261.00000,   2.00000,   6.76000,   0.00116,   0.78915, 269.50864,   0.00078,   9.72744,   0.99922,-1055.17529, 215.16789,   0.00064
 262.00000,   2.00000,   7.19000,   0.01923,   0.98550,   0.35489,   0.01070,   0.90952,   0.98930, -47.22094,  17.35100,   0.01044
 263.00000,   2.00000,   5.35000,   0.01630,   0.98364,   0.64970,   0.00992,   0.39049,   0.99008, -13.65325,   7.34737,   0.00966
 264.00000,   2.00000,   7.14000,   0.00531,   0.99901,  -0.77524,   0.00442,   0.47680,   0.99558, -97.84315,  29.28528,   0.00439
 265.00000,   2.00000,   4.86000,   0.00507,   0.96229, 113.77898,   0.00033,   4.37428,   0.99967,-1004.72253, 196.22348,   0.00032
 266.00000,   2.00000,   5.50000,   0.00111,  -0.51839, 646.21002,   0.00235,   8.38168,   0.99765,-588.10345, 138.34108,   0.00093
 267.00000,   2.00000,   6.19000,   0.00612,   0.82288,  58.79221,   0.00296,   2.16550,   0.99704, -95.55270,  31.68390,   0.00251
 268.00000,   2.00000,   5.61000,   0.03409,   0.98702,   2.74131,   0.00347,   0.21009,   0.99653, -10.20915,   6.00199,   0.00341
 269.00000,   2.00000,   7.36000,   0.02488,   0.94866,   0.59447,   0.03220,   0.50474,   0.96780,  -5.59046,   4.62558,   0.02971
 270.00000,   2.00000,   7.35000,   0.01690,   0.98587,   6.59898,   0.00186,   1.11105,   0.99814,-134.77475,  37.96446,   0.00183
 271.00000,   2.00000,   5.81000,   0.01067,   0.99686,  -0.58655,   0.00758,   0.49515,   0.99242, -48.58238,  17.40365,   0.00750
 272.00000,   2.00000,   7.88000,   0.03318,   0.41499,  22.24271,   0.02517,   0.59051,   0.97483,  -2.43225,   3.87933,   0.01563
 273.00000,   2.00000,   6.03000,   0.00177,   0.91337,  41.86712,   0.00202,   2.97996,   0.99798,-218.58482,  57.99224,   0.00186
 274.00000,   2.00000,   4.87000,   0.02273,   0.99918,  -0.83881,   0.00511,   0.29321,   0.99489, -52.38358,  18.27215,   0.00508
 275.00000,   2.00000,   6.38000,   0.00829,   0.79681,  48.08467,   0.00414,   4.66104,   0.99586,-215.35780,  59.61494,   0.00343
 276.00000,   2.00000,   7.03000,   0.02692,   0.99260,   2.02399,   0.00245,   0.55381,   0.99755, -63.85973,  21.29851,   0.00242
 277.00000,   2.00000,   7.24000,   0.01918,   0.99234,   1.56188,   0.00299,   0.62289,   0.99701, -67.24088,  22.16424,   0.00296
 278.00000,   2.00000,   4.32000,   0.00605,   0.98930,   3.41147,   0.00242,   1.75218,   0.99758,-240.98116,  59.96857,   0.00239
 279.00000,   2.00000,   5.09000,   0.01290,   0.77070,  86.08708,   0.00263,   2.76598,   0.99737,-129.06758,  40.31648,   0.00214
 280.00000,   2.00000,   7.57000,   0.02555,   0.68983,  53.79397,   0.00566,   1.01198,   0.99434, -20.18435,  11.03781,   0.00430
 281.00000,   2.00000,   7.13000,   0.01308,   0.99717,   7.47984,   0.00033,   0.78377,   0.99967,-349.23886,  80.08733,   0.00033
 282.00000,   2.00000,   6.87000,   0.03089,   0.95694,  13.73652,   0.00292,   1.27457,   0.99708, -82.21996,  26.60521,   0.00279
 283.00000,   2.00000,   3.89000,   0.03419,   0.99844,  -0.54392,   0.00342,   0.29443,   0.99658, -47.30870,  16.92831,   0.00340
 284.00000,   2.00000,   4.95000,   0.00220,   0.73789, 137.13309,   0.00190,   6.51432,   0.99810,-428.42609, 103.92777,   0.00150
 285.00000,   2.00000,   6.42000,   0.00447,   0.64366, 206.20695,   0.00172,   7.44054,   0.99828,-498.92889, 118.96393,   0.00127
 286.00000,   2.00000,   8.26000,   0.00388,   0.79858, 301.36676,   0.00067,  13.20543,   0.99933,-1637.23901, 310.07147,   0.00055
 287.00000,   2.00000,   8.54000,   0.05333,   0.94374,   2.16665,   0.01777,   0.69880,   0.98223, -12.96337,   7.50653,   0.01654
 288.00000,   2.00000,   8.45000,   0.00258,   0.92855, 241.39336,   0.00029,  12.28764,   0.99971,-2823.00391, 476.87381,   0.00028
 289.00000,   2.00000,   8.52000,   0.00184,   0.88354, 439.67236,   0.00026,  14.72224,   0.99974,-3108.92822, 524.61768,   0.00024
 290.00000,   2.00000,   8.82000,   0.01235,   0.99920,   1.06783,   0.00039,   0.64836,   0.99961,-437.11185,  95.97958,   0.00039
 291.00000,   2.00000,   4.58000,   0.01087,   0.99978,  -0.94859,   0.00433,   0.84121,   0.99567,-378.28668,  85.59045,   0.00431
 292.00000,   2.00000,   8.20000,   0.02469,  -8.13812,  -0.96814, 286.82449,   0.19894,-285.82449,  -5.55004,   4.28491,   0.96586
 293.00000,   2.00000,   6.61000,   0.02449,   0.95155,   8.17784,   0.00528,   1.10190,   0.99472, -49.17939,  18.29155,   0.00501
 294.00000,   2.00000,   7.64000,   0.01806,   0.84050,  23.69636,   0.00646,   1.87769,   0.99354, -57.30833,  21.67750,   0.00554
 295.00000,   2.00000,   6.10000,   0.00975,   0.99937,   1.47135,   0.00025,   1.54222,   0.99975,-1608.08728, 284.89365,   0.00025
 296.00000,   2.00000,   4.78000,   0.01209,   0.99888,   3.13213,   0.00027,   0.58258,   0.99973,-387.24399,  86.94196,   0.00027
 297.00000,   2.00000,   7.31000,   0.00820,   0.99948,  -0.87798,   0.00425,   0.46880,   0.99575,-128.77640,  36.20043,   0.00423
 298.00000,   2.00000,   8.52000,   0.00909,   0.96971,   5.40481,   0.00473,   0.92011,   0.99527, -49.88056,  18.20230,   0.00457
 299.00000,   2.00000,   6.25000,   0.01176,   0.96307,   8.88207,   0.00374,   0.78379,   0.99626, -40.75672,  15.78462,   0.00359
 300.00000,   3.00000,  15.93000,   0.04819,   0.75838,   1.05402,   0.11763,   2.22519,   0.88237, -15.35180,   9.91086,   0.08654
 301.00000,   3.00000,  17.45000,   0.09239,   0.98064,   0.47268,   0.01315,   0.76485,   0.98685, -29.42641,  12.46095,   0.01273
 302.00000,   3.00000,  16.61000,   0.07965,  -3.38673,  -0.68015,  13.71498,   1.71321, -12.71498, -11.62795,   8.35160,   0.71800
 303.00000,   3.00000,  17.26000,   0.12791,   0.94771,  -0.59664,   0.12963,   2.41572,   0.87037, -33.07028,  15.08660,   0.10968
 304.00000,   3.00000,  17.24000,   0.01235,   0.55275,  -0.80216,   2.26071,   0.86471,  -1.26071,  -0.80251,   3.19453,   0.60969
 305.00000,   3.00000,  15.07000,   0.20388, -11.80219,  -0.83565,  77.89660,   0.93329, -76.89660, -14.43434,   8.56600,   0.84948
 306.00000,   3.00000,  15.34000,   0.07161, -18.99208,   1.96851,   6.73472,   1.65454,  -5.73472, -13.35732,   8.95059,   0.24290
 307.00000,   3.00000,  16.17000,   0.00775,   0.91261,   6.64102,   0.01144,   1.61242,   0.98856, -45.01381,  17.72104,   0.01041
 308.00000,   3.00000,  12.26000,   0.00862,   0.99413,  -0.92515,   0.07847,   0.87058,   0.92153, -27.00968,  12.22074,   0.07237
 309.00000,   3.00000,  14.12000,   0.01529,  -0.86718,  29.27568,   0.06167,   1.12894,   0.93833,  -8.02774,   6.79632,   0.02106
 310.00000,   3.00000,  16.57000,   0.02217,   0.99587,  -0.97769,   0.18509,   1.14191,   0.81491, -33.32219,  14.85376,   0.15564
 311.00000,   3.00000,  13.73000,   0.08000,-155.82452,  -0.11515, 177.23314,   0.74715,-176.23314, -11.59000,   8.26438,   0.52896
 312.00000,   3.00000,  17.11000,   0.23016,   0.97172,  -0.76222,   0.11894,   2.57108,   0.88106, -49.88205,  19.68577,   0.10368
 313.00000,   3.00000,  10.98000,   0.02967,   0.99656,  -0.96161,   0.08972,   1.07876,   0.91028, -44.54911,  17.44235,   0.08207
 314.00000,   3.00000,  14.59000,   0.08491,   0.98975,  -0.25140,   0.01369,   0.36248,   0.98631, -13.13327,   7.14148,   0.01337
 315.00000,   3.00000,  12.33000,   0.13393,   0.99441,  -0.24457,   0.00740,   0.34028,   0.99260, -22.13296,   9.96314,   0.00731
 316.00000,   3.00000,  14.97000,   0.09150,   0.62446,  13.83302,   0.02532,   2.32684,   0.97468, -31.80956,  15.38628,   0.01807
 317.00000,   3.00000,  12.63000,   0.04484, -13.10131,  -0.75973,  58.68999,   1.56011, -57.68999, -23.90832,  12.26178,   0.79535
 318.00000,   3.00000,  17.51000,   0.19394,-147.80962,  -0.61396, 385.47781,   0.96889,-384.47781, -26.82518,  13.44778,   0.72013
 319.00000,   3.00000,  14.79000,   0.10497,   0.93380,  21.23900,   0.00298,   3.62326,   0.99702,-262.75754,  66.57035,   0.00278
 320.00000,   3.00000,  17.20000,   0.06040,   0.99302,  -0.66068,   0.02058,   0.54995,   0.97942, -24.16763,  10.78962,   0.02002
 321.00000,   3.00000,  16.26000,   0.03731,   0.78484,  44.86952,   0.00469,   1.15161,   0.99531, -30.09794,  14.00502,   0.00385
 322.00000,   3.00000,  18.30000,   0.14211,   0.96989,  -0.40600,   0.05069,   1.05778,   0.94931, -19.66224,   9.92897,   0.04690
 323.00000,   3.00000,  17.04000,   0.19802,   0.86724,   2.11245,   0.04265,   1.21258,   0.95735, -12.59289,   7.99636,   0.03629
 324.00000,   3.00000,  19.47000,   0.14433,   0.99461,  -0.89274,   0.05025,   0.77711,   0.94975, -29.37557,  12.67937,   0.04760
 325.00000,   3.00000,  14.95000,   0.09630,   0.93683,   0.31622,   0.04799,   1.10767,   0.95201, -14.85606,   8.50400,   0.04319
 326.00000,   3.00000,  15.31000,   0.14615,   0.42367,  -0.94110,   9.78535,   1.03497,  -8.78535,  -9.21068,   6.60621,   0.86126
 327.00000,   3.00000,  20.16000,   0.07534,   0.79087,   2.56640,   0.05864,   2.83080,   0.94136, -32.96644,  15.56268,   0.04625
 328.00000,   3.00000,  15.24000,   0.19672,   0.87179,   6.89760,   0.01623,   0.92398,   0.98377, -14.00196,   8.28215,   0.01418
 329.00000,   3.00000,  18.24000,   0.02105,   0.99384,  -0.82729,   0.03569,   0.77791,   0.96431, -32.38110,  13.42564,   0.03426
 330.00000,   3.00000,  17.00000,   0.04419,   0.50689,  10.36481,   0.04339,   3.15572,   0.95661, -36.94441,  17.46586,   0.02824
 331.00000,   3.00000,  12.90000,   0.30769,   0.99086,   0.46343,   0.00625,   0.35348,   0.99375, -19.97405,   9.31928,   0.00615
 332.00000,   3.00000,  15.09000,   0.06912,   0.99687,  -0.98864,   0.27523,   1.07732,   0.72477, -30.92192,  14.48080,   0.21530
 333.00000,   3.00000,  14.69000,   0.05650,   0.44127,  16.65793,   0.03164,   3.03817,   0.96836, -40.49282,  18.54769,   0.01990
 334.00000,   3.00000,  16.79000,   0.14179,   0.80327,  -0.98774,  16.04720,   0.98211, -15.04720, -24.97167,  11.54438,   0.93060
 335.00000,   3.00000,  16.36000,   0.06557,   0.98463,  -0.91880,   0.18936,   2.01558,   0.81064, -39.66453,  17.00559,   0.15718
 336.00000,   3.00000,  16.21000,   0.07018,   0.99704,  -0.65514,   0.00859,   0.45771,   0.99141, -42.29988,  15.74061,   0.00849
 337.00000,   3.00000,  24.90000,   0.09756,   0.98123,   1.66645,   0.00704,   0.62965,   0.99296, -30.54075,  12.68285,   0.00686
 338.00000,   3.00000,  18.02000,   0.05983,   0.98507,  -0.48729,   0.02913,   1.06017,   0.97087, -36.22795,  14.60938,   0.02790
 339.00000,   3.00000,  14.85000,   0.08125,   0.97959,  -0.95820,   0.48835,   2.83428,   0.51165, -45.56509,  19.86926,   0.32367
 340.00000,   3.00000,  17.03000,   0.16102,   0.69316,  -0.98927,  28.58859,   0.52356, -27.58859, -13.83803,   7.58935,   0.95629
 341.00000,   3.00000,  17.74000,   0.13918,   0.99541,  -0.82318,   0.02595,   0.60487,   0.97405, -30.31846,  12.66895,   0.02518
 342.00000,   3.00000,  15.05000,   0.10769,   0.98711,  -0.39178,   0.02119,   0.80770,   0.97881, -30.74729,  12.87339,   0.02049
 343.00000,   3.00000,  14.78000,   0.09714,   0.77647,  26.29359,   0.00819,   0.72341,   0.99181, -10.73226,   7.28391,   0.00665
 344.00000,   3.00000,  17.74000,   0.10135,   0.99254,  -0.94902,   0.14634,   0.70454,   0.85366, -13.00842,   7.89477,   0.12683
 345.00000,   3.00000,  16.52000,   0.01515,   0.59005,   4.59314,   0.07330,   3.16567,   0.92670, -29.37774,  15.10348,   0.04942
 346.00000,   3.00000,  18.76000,   0.10303,   0.90839,   4.61497,   0.01632,   1.47487,   0.98368, -32.85506,  14.29150,   0.01473
 347.00000,   3.00000,  14.40000,   0.04062,   0.99594,  -0.97974,   0.20050,   1.25869,   0.79950, -37.58986,  16.23667,   0.16645
 348.00000,   3.00000,  14.97000,   0.11667,   0.99769,  -0.92079,   0.02913,   0.39974,   0.97087, -22.02679,  10.14058,   0.02824
 349.00000,   3.00000,  11.08000,   0.08527,  -0.70374,  30.96547,   0.05330,   0.32606,   0.94670,   0.09681,   2.00003,   0.01933
 350.00000,   3.00000,  14.02000,   0.08871,-158.85930,   0.26613, 126.25838,   0.64989,-125.25838,  -8.34535,   6.85335,   0.43974
 351.00000,   3.00000,  13.08000,   0.02284,   0.75913,  79.22440,   0.00300,   1.50214,   0.99700, -52.61927,  20.81607,   0.00241
 352.00000,   3.00000,  15.84000,   0.03900,   0.53527,  15.09038,   0.02888,   2.36757,   0.97112, -29.63808,  14.87979,   0.01934
 353.00000,   3.00000,  19.07000,   0.07759,   0.99195,  -0.85043,   0.05380,   0.65359,   0.94620, -18.08769,   9.17367,   0.05067
 354.00000,   3.00000,  11.06000,   0.01724,   0.99473,  -0.95450,   0.11570,   0.97742,   0.88430, -28.40474,  12.92478,   0.10322
 355.00000,   3.00000,  19.41000,   0.06158,   0.92857,  -0.97640,   3.02630,   2.08724,  -2.02630, -28.76211,  14.25126,   0.73853
 356.00000,   3.00000,  15.11000,   0.12162,   0.83229,  -0.96872,   5.36163,   1.72300,  -4.36163, -22.29188,  11.65553,   0.82116
 357.00000,   3.00000,  16.08000,   0.17094,   0.99480,  -0.18605,   0.00639,   0.35057,   0.99361, -25.70952,  11.03238,   0.00631
 358.00000,   3.00000,  16.95000,   0.09091,   0.95511,   3.76255,   0.00943,   0.80862,   0.99057, -25.01638,  11.35571,   0.00894
 359.00000,   3.00000,  16.01000,   0.05247,   0.76372,   2.21151,   0.07357,   2.05734,   0.92643, -17.32390,  10.40270,   0.05617
 360.00000,   3.00000,  16.56000,   0.03791,   0.66871,   3.26814,   0.07762,   2.64529,   0.92238, -22.63298,  12.62695,   0.05509
 361.00000,   3.00000,  11.01000,   0.01216,   0.93495,  -0.72924,   0.24026,   1.52990,   0.75974, -11.28366,   7.98716,   0.18406
 362.00000,   3.00000,  17.44000,   0.04633, -12.41977,   0.22067,  10.99379,   3.06011,  -9.99379, -27.40506,  14.71764,   0.43260
 363.00000,   3.00000,  15.17000,   0.19492,   0.99053,  -0.38282,   0.01535,   0.83379,   0.98465, -43.19811,  16.25167,   0.01497
 364.00000,   3.00000,  17.02000,   0.03160,   0.91796,  24.73852,   0.00319,   1.17251,   0.99681, -53.78638,  19.89898,   0.00294
 365.00000,   3.00000,  17.33000,   0.01299,   0.98853,   0.66419,   0.00689,   0.74706,   0.99311, -49.13683,  17.72235,   0.00677
 366.00000,   3.00000,  11.14000,   0.07258,-134.97508,  -0.04865, 142.92873,   0.73899,-141.92873, -10.20399,   7.69348,   0.51064
 367.00000,   3.00000,  12.02000,   0.04950,   0.52846,  10.85081,   0.03979,   0.53100,   0.96021,  -1.12614,   3.02014,   0.02633
 368.00000,   3.00000,  17.28000,   0.06593,   0.69397,  -0.93302,   4.56919,   2.59427,  -3.56919, -26.73530,  13.63026,   0.77771
 369.00000,   3.00000,  16.43000,   0.15672,   0.99411,  -0.73863,   0.02253,   0.48033,   0.97747, -20.63011,   9.68516,   0.02191
 370.00000,   3.00000,  16.93000,   0.11628,   0.93366,   0.54168,   0.04303,   1.74691,   0.95697, -30.41739,  13.66138,   0.03879
 371.00000,   3.00000,  22.90000,   0.07748,  -9.57415,  -0.55223,  23.61517,   3.38375, -22.61517, -41.77867,  18.90881,   0.67109
 372.00000,   3.00000,  20.67000,   0.06122,   0.98036,   0.69945,   0.01156,   1.43811,   0.98844, -73.79546,  24.31164,   0.01121
 373.00000,   3.00000,  19.43000,   0.07143,   0.98866,  -0.33804,   0.01712,   1.32344,   0.98288, -70.80649,  23.50706,   0.01665
 374.00000,   3.00000,  17.28000,   0.12230,   0.99171,  -0.95430,   0.18149,   0.66636,   0.81851, -10.14512,   6.91760,   0.15254
 375.00000,   3.00000,  16.45000,   0.10695,   0.94376,   0.41767,   0.03967,   1.52144,   0.96033, -27.94934,  12.76065,   0.03620
 376.00000,   3.00000,  18.76000,   0.09317,   0.70191,  24.14182,   0.01186,   3.49799,   0.98814, -84.78187,  30.08191,   0.00905
 377.00000,   3.00000,  24.87000,   0.11475,   0.98855,   0.48720,   0.00770,   1.80264,   0.99230,-149.24768,  41.28927,   0.00755
 378.00000,   3.00000,  13.62000,   0.12775,   0.95514,   2.47729,   0.01290,   0.93808,   0.98710, -26.62485,  11.90634,   0.01220
 379.00000,   3.00000,  20.68000,   0.01923,   0.66441,   0.95143,   0.17197,   0.71137,   0.82803,  -0.46159,   2.77513,   0.11407
 380.00000,   3.00000,  16.28000,   0.13918,   0.98154,  -0.53687,   0.03986,   1.20171,   0.96014, -33.77316,  14.08664,   0.03767
 381.00000,   3.00000,  17.30000,   0.02312,   0.96627,   0.97991,   0.01703,   1.31374,   0.98297, -42.93216,  16.60554,   0.01621
 382.00000,   3.00000,  14.04000,   0.03448,   0.58141,  -0.95286,   8.87940,   1.82408,  -7.87940, -24.38632,  12.12663,   0.86225
 383.00000,   3.00000,  19.16000,   0.16667,  -1.83836,  -0.96829,  89.49850,   1.37455, -88.49850, -56.99339,  20.25755,   0.95888
 384.00000,   3.00000,  22.35000,   0.08333,   0.97075,   0.11648,   0.02620,   2.15829,   0.97380, -73.99358,  24.89376,   0.02482
 385.00000,   3.00000,  18.69000,   0.08811,   0.92079,   0.48252,   0.05343,   2.01402,   0.94657, -31.11358,  14.10237,   0.04717
 386.00000,   3.00000,  17.22000,   0.18421,   0.98381,  -0.60522,   0.04101,   1.12714,   0.95899, -32.39669,  13.65933,   0.03879
 387.00000,   3.00000,  25.83000,   0.04245,   0.98182,   0.89746,   0.00958,   2.30723,   0.99042,-153.15247,  42.46017,   0.00932
 388.00000,   3.00000,  16.42000,   0.11043,   0.90718,   2.12885,   0.02967,   1.83323,   0.97033, -33.49593,  14.68147,   0.02643
 389.00000,   3.00000,  16.33000,   0.05752,   0.91568,   0.65931,   0.05082,   2.05188,   0.94918, -31.82235,  14.33974,   0.04477
 390.00000,   3.00000,  16.42000,   0.15421,   0.96735,  -0.36421,   0.05135,   1.37308,   0.94865, -27.60901,  12.52878,   0.04737
 391.00000,   3.00000,  14.85000,   0.05820,  -1.74656,  -0.33902,   4.15529,   5.10530,  -3.15529, -34.38287,  17.91788,   0.52586
 392.00000,   3.00000,  18.64000,   0.12644,  -2.67372,  -0.96862, 117.07116,   1.05470,-116.07116, -45.09818,  17.01091,   0.96161
 393.00000,   3.00000,  15.27000,   0.10714,   0.40339,  -0.60403,   1.50670,   0.48072,  -0.50670,   0.92317,   1.54576,   0.48551
 394.00000,   3.00000,  15.19000,   0.06667,   0.95221,   0.18060,   0.04048,   1.10324,   0.95952, -18.57894,   9.63591,   0.03719
 395.00000,   3.00000,  17.26000,   0.02649,   0.98882,  -0.76234,   0.04705,   1.45909,   0.95295, -51.85203,  19.12606,   0.04446
 396.00000,   3.00000,   9.01000,   0.03636, -32.57318,   2.22315,  10.41626,   0.30962,  -9.41626,  -0.07885,   1.97714,   0.23153
 397.00000,   3.00000,  13.75000,   0.23423,  -4.05311,  -0.80715,  26.20255,   1.25705, -25.20255, -11.98809,   7.95535,   0.81234
 398.00000,   3.00000,  20.84000,   0.04321,  -9.66054,  -0.57111,  24.85620,   4.30303, -23.85620, -60.60756,  24.46407,   0.68068
 399.00000,   3.00000,  13.88000,   0.04977,   0.97173,  -0.71034,   0.09761,   1.53772,   0.90239, -25.96078,  12.34306,   0.08669
 400.00000,   4.00000,  13.09000,   0.02088,  -0.59618,  -0.89817,  15.67486,   0.95815, -14.67486,  -7.69664,   5.98549,   0.85791
 401.00000,   4.00000,  12.59000,   0.01161,   0.37322,   0.52927,   0.40986,   2.34903,   0.59014,  -7.40370,   7.52582,   0.20124
 402.00000,   4.00000,   9.87000,   0.05618,  -2.33981,   0.65955,   2.01248,   0.40698,  -1.01248,   0.92945,   1.36991,   0.31681
 403.00000,   4.00000,  11.31000,   0.02048,   0.62386,  -0.38621,   0.61281,   1.03689,   0.38719,  -0.63769,   3.36353,   0.30811
 404.00000,   4.00000,  13.75000,   0.00274,   0.76295,  -0.28832,   0.33308,   4.15036,   0.66692, -27.62988,  15.19007,   0.21214
 405.00000,   4.00000,  10.10000,   0.01990,  -1.10188,  -0.24898,   2.79868,   0.67305,  -1.79868,   0.51449,   2.19997,   0.47431
 406.00000,   4.00000,   7.30000,   0.01267,  -0.62081,  -0.07168,   1.74596,   1.07091,  -0.74596,  -0.40944,   3.30617,   0.39983
 407.00000,   4.00000,  22.06000,   0.00045,  -0.72304,  -0.59370,   4.24085,   9.91259,  -3.24085, -94.10187,  35.57318,   0.60898
 408.00000,   4.00000,  25.85000,   0.00382,   0.54874,   0.25196,   0.36044,   3.53517,   0.63956, -17.21157,  11.73304,   0.19895
 409.00000,   4.00000,  12.18000,   0.00603,  -1.07665,   0.17427,   1.76846,   2.22070,  -0.76846,  -6.17532,   6.97386,   0.36500
 410.00000,   4.00000,   9.63000,   0.00450,   0.30395,   5.47067,   0.10757,   2.11554,   0.89243, -12.13533,   9.05294,   0.05964
 411.00000,   4.00000,  17.09000,   0.00078,   0.48988,  -0.63922,   1.41393,   5.70442,  -0.41393, -35.34261,  18.59928,   0.48355
 412.00000,   4.00000,  10.74000,   0.03352,   0.80517,  -0.59499,   0.48104,   0.61362,   0.51896,   0.22512,   2.26394,   0.28704
 413.00000,   4.00000,  16.80000,   0.01015,   0.71774,   0.52616,   0.18495,   2.58939,   0.81505, -15.04018,  10.16540,   0.12605
 414.00000,   4.00000,  10.68000,   0.00778,   0.25160,   0.69793,   0.44077,   1.18642,   0.55923,  -1.03973,   3.75897,   0.20134
 415.00000,   4.00000,  11.63000,   0.01311,   0.41956,  -0.12790,   0.66557,   1.26626,   0.33443,  -1.13976,   3.90497,   0.29633
 416.00000,   4.00000,  20.28000,   0.00354,   0.46231,   0.24684,   0.43124,   5.49769,   0.56876, -32.38203,  17.61949,   0.21902
 417.00000,   4.00000,  17.75000,   0.00470,  -0.04968,  -0.50386,   2.11569,   2.98625,  -1.11569, -11.64019,   9.53403,   0.50792
 418.00000,   4.00000,  10.02000,   0.03101,   0.86908,   2.64495,   0.03592,   0.48368,   0.96408,  -2.45820,   3.36871,   0.03078
 419.00000,   4.00000,  26.28000,   0.01209,  -1.00120,   0.15413,   1.73394,   2.58844,  -0.73394,  -8.34753,   8.09586,   0.36619
 420.00000,   4.00000,   9.84000,   0.01379,   0.23807,   0.08475,   0.70240,   1.23097,   0.29760,  -0.86472,   3.73634,   0.28503
 421.00000,   4.00000,  20.69000,   0.00590,   0.44805,   0.10819,   0.49806,   3.72414,   0.50194, -16.62496,  11.74144,   0.24296
 422.00000,   4.00000,  13.47000,   0.00307,  -0.28562,   0.08560,   1.18425,   3.84434,  -0.18425, -15.73818,  11.59532,   0.34129
 423.00000,   4.00000,  17.98000,   0.00537,  -0.88994,  -0.54853,   4.18621,   2.92863,  -3.18621, -14.58246,  10.40012,   0.59159
 424.00000,   4.00000,  13.78000,   0.02744,  -0.30533,  -0.12074,   1.48457,   0.85441,  -0.48457,   0.34108,   2.59728,   0.39172
 425.00000,   4.00000,  10.73000,   0.02062,  -0.69833,  -0.20887,   2.14670,   0.81925,  -1.14670,   0.27447,   2.57898,   0.44307
 426.00000,   4.00000,  12.64000,   0.06291,   0.78095,  -0.38392,   0.35556,   0.53036,   0.64444,   0.44605,   1.95551,   0.22581
 427.00000,   4.00000,  13.72000,   0.00203,   0.49362,   0.69189,   0.29930,   4.01927,   0.70070, -22.17753,  13.61215,   0.16575
 428.00000,   4.00000,   9.40000,   0.01600,  -0.16376,  -0.16684,   1.39680,   0.40509,  -0.39680,   1.08554,   1.22668,   0.39230
 429.00000,   4.00000,  22.63000,   0.00165,   0.45797,   1.64932,   0.20459,   5.18410,   0.79541, -37.74498,  18.84671,   0.11714
 430.00000,   4.00000,  19.82000,   0.00190,   0.59912,  -0.09909,   0.44498,   4.32297,   0.55502, -23.31574,  14.17520,   0.24107
 431.00000,   4.00000,  11.89000,   0.01828,   0.73154,  -0.38916,   0.43949,   0.90498,   0.56051,  -0.61232,   3.15141,   0.25732
 432.00000,   4.00000,  26.66000,   0.00254,   0.62720,   2.67621,   0.10141,   6.99924,   0.89859, -80.87560,  30.74393,   0.06879
 433.00000,   4.00000,  23.56000,   0.00084,   0.74671,   0.42935,   0.17721,   4.54623,   0.82279, -38.27059,  18.29952,   0.12388
 434.00000,   4.00000,  16.44000,   0.01134,  -0.11167,  -0.60368,   2.80498,   2.79678,  -1.80498, -11.87573,   9.41222,   0.57051
 435.00000,   4.00000,  14.07000,   0.01076,  -0.25003,  -0.14051,   1.45439,   2.46268,  -0.45439,  -6.90944,   7.47473,   0.39261
 436.00000,   4.00000,  11.61000,   0.00653,   0.33489,   1.18978,   0.30373,   1.79376,   0.69627,  -4.79018,   6.01887,   0.15427
 437.00000,   4.00000,  11.61000,   0.00663,   0.61468,   0.09528,   0.35180,   2.66026,   0.64820, -10.98796,   8.99596,   0.20252
 438.00000,   4.00000,  10.03000,   0.01362,   0.59835,   0.31509,   0.30542,   0.74695,   0.69458,   0.04919,   2.56622,   0.17891
 439.00000,   4.00000,  13.82000,   0.00504,   0.31015,  -0.13819,   0.80047,   2.92242,   0.19953,  -9.72218,   8.87083,   0.32143
 440.00000,   4.00000,  19.73000,   0.00136,   0.53808,   0.16080,   0.39794,   7.24622,   0.60206, -51.10547,  23.70268,   0.21396
 441.00000,   4.00000,  12.25000,   0.00354,   0.25934,   1.37520,   0.31183,   3.64490,   0.68817, -18.24674,  12.19330,   0.15193
 442.00000,   4.00000,  17.21000,   0.00203,   0.21099,   1.19716,   0.35910,   5.57183,   0.64090, -34.25655,  18.22305,   0.16717
 443.00000,   4.00000,  14.98000,   0.00156,   0.33356,   0.66629,   0.39996,   6.93735,   0.60004, -46.09573,  22.27488,   0.19355
 444.00000,   4.00000,  35.63000,   0.00049,   0.81212,   0.92499,   0.09760,  11.61681,   0.90240,-190.52107,  56.62925,   0.07593
 445.00000,   4.00000,  11.07000,   0.03012,   0.38443,   0.77891,   0.34604,   0.70410,   0.65396,   0.40432,   2.31267,   0.17641
 446.00000,   4.00000,  16.67000,   0.00299,   0.38159,  -0.22300,   0.79590,   4.16135,   0.20410, -18.62613,  12.72472,   0.32966
 447.00000,   4.00000,  10.32000,   0.02625,   0.33305,   1.40348,   0.27749,   0.57001,   0.72251,   0.62557,   1.94490,   0.14271
 448.00000,   4.00000,  10.96000,   0.00466,   0.11087,   0.11801,   0.79529,   1.32611,   0.20471,  -1.16273,   3.99577,   0.29626
 449.00000,   4.00000,  11.30000,   0.00528,   0.44735,   0.23963,   0.44582,   3.01710,   0.55418, -11.80167,   9.61798,   0.22308
 450.00000,   4.00000,  16.62000,   0.00545,  -0.27315,  -0.12460,   1.45436,   3.85017,  -0.45436, -16.02792,  11.68733,   0.39017
 451.00000,   4.00000,  22.53000,   0.00292,  -1.22013,  -0.41232,   3.77781,   6.19960,  -2.77781, -44.54572,  21.35311,   0.53985
 452.00000,   4.00000,  10.79000,   0.01920,  -0.70059,  -0.30254,   2.43825,   0.91247,  -1.43825,  -0.09608,   2.91870,   0.47447
 453.00000,   4.00000,  14.89000,   0.00813,   0.79229,  -0.35627,   0.32267,   3.40939,   0.67733, -21.52394,  12.84511,   0.21084
 454.00000,   4.00000,   9.84000,   0.04178,   0.51004,  -0.18710,   0.60273,   0.57649,   0.39727,   0.82805,   1.81163,   0.28802
 455.00000,   4.00000,  10.69000,   0.02236,  -0.64064,  -0.36160,   2.56991,   0.78533,  -1.56991,   0.25301,   2.53294,   0.49321
 456.00000,   4.00000,  14.14000,   0.00957,   0.78903,  -0.21651,   0.26927,   2.07806,   0.73073,  -9.81825,   8.00177,   0.18191
 457.00000,   4.00000,   8.81000,   0.02692,   0.70836,  -0.50838,   0.59323,   0.41345,   0.40677,   0.91385,   1.39855,   0.31473
 458.00000,   4.00000,  12.48000,   0.01733,   0.36925,  -0.19023,   0.77892,   0.72049,   0.22108,   0.64318,   2.20023,   0.32325
 459.00000,   4.00000,   8.16000,   0.01042,   0.24350,   0.62815,   0.46463,   1.38169,   0.53537,  -1.81092,   4.34856,   0.20919
 460.00000,   4.00000,  18.36000,   0.00370,   0.73704,  -0.18996,   0.32462,   3.57565,   0.67538, -21.18399,  12.89246,   0.20448
 461.00000,   4.00000,  10.72000,   0.02462,   0.68781,  -0.37697,   0.50108,   0.78264,   0.49892,   0.04762,   2.63380,   0.27634
 462.00000,   4.00000,   9.93000,   0.03778,   0.43542,  -0.07212,   0.60846,   0.67835,   0.39154,   0.67260,   2.10477,   0.28000
 463.00000,   4.00000,  14.10000,   0.02006,   0.48796,   0.06034,   0.48290,   0.80908,   0.51710,   0.24201,   2.57157,   0.24206
 464.00000,   4.00000,  29.00000,   0.00150,   0.54058,   0.15171,   0.39890,   7.02383,   0.60110, -48.83894,  22.97924,   0.21466
 465.00000,   4.00000,  14.41000,   0.00737,  -3.13298,   0.61635,   2.55699,   1.65857,  -1.55699,  -4.61956,   5.81203,   0.33251
 466.00000,   4.00000,  15.90000,   0.00981,  -0.43555,  -0.08170,   1.56326,   2.84653,  -0.56326,  -9.39939,   8.69420,   0.39093
 467.00000,   4.00000,  28.65000,   0.00802,   0.22126,  -0.70356,   2.62699,   4.20325,  -1.62699, -25.22157,  14.58767,   0.59627
 468.00000,   4.00000,  13.61000,   0.01923,   0.68685,  -0.07225,   0.33754,   0.85185,   0.66246,  -0.43528,   2.97398,   0.20448
 469.00000,   4.00000,  16.52000,   0.00043,   0.36014,   0.80147,   0.35519,   4.70550,   0.64481, -26.38386,  15.38315,   0.17803
 470.00000,   4.00000,  17.58000,   0.00356,   0.35589,   0.79739,   0.35836,   7.31863,   0.64164, -51.46112,  23.89114,   0.17896
 471.00000,   4.00000,  18.95000,   0.00196,   0.64691,   0.06819,   0.33055,   4.43587,   0.66945, -27.05081,  15.28228,   0.19633
 472.00000,   4.00000,   8.19000,   0.00687,  -6.32720,  -0.06487,   7.83549,   1.44387,  -6.83549,  -5.55406,   6.04933,   0.48479
 473.00000,   4.00000,  13.75000,   0.01517,   0.36252,   0.09756,   0.58081,   1.15350,   0.41919,  -0.72105,   3.56345,   0.26183
 474.00000,   4.00000,  18.93000,   0.00208,   0.42603,   0.37817,   0.41647,   4.74174,   0.58353, -25.70213,  15.20769,   0.20924
 475.00000,   4.00000,  10.82000,   0.00612,   0.32513,   0.33272,   0.50639,   2.66044,   0.49361,  -8.77136,   8.30029,   0.23215
 476.00000,   4.00000,  15.39000,   0.00826,  -0.97907,   0.28177,   1.54402,   3.14415,  -0.54402, -11.95792,   9.80018,   0.34136
 477.00000,   4.00000,  14.88000,   0.00570,   0.57807,  -0.33620,   0.63563,   2.46140,   0.36437,  -8.02978,   7.85329,   0.30892
 478.00000,   4.00000,   8.70000,   0.00732,   0.81045,  -0.67178,   0.57752,   1.73104,   0.42248,  -5.93563,   6.39435,   0.32682
 479.00000,   4.00000,  18.10000,   0.01540,   0.51846,   6.42928,   0.06482,   1.85328,   0.93518, -13.01931,   9.10215,   0.04192
 480.00000,   4.00000,  11.80000,   0.02485,   0.40575,  -0.18976,   0.73342,   1.30251,   0.26658,  -1.24187,   3.99878,   0.31509
 481.00000,   4.00000,  27.58000,   0.00264,   0.61659,  -0.25002,   0.51122,   8.62287,   0.48878, -65.32172,  28.12461,   0.26983
 482.00000,   4.00000,  21.18000,   0.00066,   0.37948,   0.10374,   0.56220,   7.74193,   0.43780, -50.73878,  24.00484,   0.25757
 483.00000,   4.00000,   7.39000,   0.00319,  -3.01014,  -0.21252,   5.09235,   1.75993,  -4.09235,  -6.05937,   6.50475,   0.50407
 484.00000,   4.00000,  16.10000,   0.00372,   0.10247,   0.30848,   0.68593,   4.01045,   0.31407, -17.20860,  12.17920,   0.26551
 485.00000,   4.00000,  13.01000,   0.01410,  -0.15646,  -0.49792,   2.30335,   0.98413,  -1.30335,  -0.39908,   3.16620,   0.51647
 486.00000,   4.00000,  18.53000,   0.00251,   0.35171,   0.57788,   0.41086,   4.93593,   0.58914, -27.22697,  15.79679,   0.19953
 487.00000,   4.00000,   9.86000,   0.06803,   0.83450,   0.95322,   0.08473,   0.38574,   0.91527,  -0.12873,   1.99990,   0.06777
 488.00000,   4.00000,  18.70000,   0.00310,   0.26639,   0.20227,   0.61019,   7.91897,   0.38981, -51.23432,  24.26307,   0.26034
 489.00000,   4.00000,  11.46000,   0.00445,  -1.37038,  -0.13543,   2.74168,   2.93577,  -1.74168, -11.92513,   9.61535,   0.44857
 490.00000,   4.00000,  11.84000,   0.02988,   0.24430,   0.77217,   0.42642,   0.75911,   0.57358,   0.39067,   2.41614,   0.19542
 491.00000,   4.00000,  23.34000,   0.00073,   0.69233,   0.09396,   0.28124,   6.71247,   0.71876, -54.66436,  24.11360,   0.17700
 492.00000,   4.00000,  15.83000,   0.00495,  -0.23139,  -0.34539,   1.88110,   4.20771,  -0.88110, -19.72533,  13.07820,   0.45741
 493.00000,   4.00000,  11.86000,   0.00617,   0.18490,   0.84966,   0.44068,   2.54120,   0.55932,  -8.38655,   8.06415,   0.19535
 494.00000,   4.00000,   7.60000,   0.01223,   0.48215,  -0.26745,   0.70692,   1.50897,   0.29308,  -2.26674,   4.69290,   0.31775
 495.00000,   4.00000,  11.54000,   0.00475,   0.17839,   0.46000,   0.56275,   2.19328,   0.43725,  -5.67510,   6.76301,   0.23602
 496.00000,   4.00000,  15.17000,   0.00224,   0.24233,   0.44808,   0.52323,   6.09654,   0.47677, -35.49916,  18.92919,   0.22939
 497.00000,   4.00000,  11.11000,   0.01198,   0.64159,   0.27848,   0.28034,   1.86800,   0.71966,  -6.24787,   6.58470,   0.17107
 498.00000,   4.00000,  18.91000,   0.01156,  -9.42508,   0.35320,   7.70404,   3.09420,  -6.70404, -24.24620,  13.71862,   0.40274
 499.00000,   4.00000,  11.90000,   0.00530,  -0.35082,  -0.32254,   1.99394,   2.32409,  -0.99394,  -6.70052,   7.25744,   0.45893
